{
 "cells": [
  {
   "cell_type": "markdown",
   "metadata": {},
   "source": [
    "# importing libraries"
   ]
  },
  {
   "cell_type": "code",
   "execution_count": 114,
   "metadata": {},
   "outputs": [],
   "source": [
    "import os\n",
    "import pandas as pd\n",
    "import numpy as np\n",
    "import matplotlib.pyplot as plt\n",
    "import seaborn as sns\n",
    "%matplotlib inline\n",
    "%config InlineBackend.figure_format = 'retina'\n",
    "import warnings\n",
    "warnings.filterwarnings('ignore')\n",
    "from sklearn import preprocessing"
   ]
  },
  {
   "cell_type": "code",
   "execution_count": 115,
   "metadata": {},
   "outputs": [],
   "source": [
    "os.chdir(\"C:/Users/P NIVAS/Desktop/Remote Internship-2020/Datasets\")"
   ]
  },
  {
   "cell_type": "markdown",
   "metadata": {},
   "source": [
    "# importing dataset "
   ]
  },
  {
   "cell_type": "code",
   "execution_count": 116,
   "metadata": {},
   "outputs": [
    {
     "data": {
      "text/html": [
       "<div>\n",
       "<style scoped>\n",
       "    .dataframe tbody tr th:only-of-type {\n",
       "        vertical-align: middle;\n",
       "    }\n",
       "\n",
       "    .dataframe tbody tr th {\n",
       "        vertical-align: top;\n",
       "    }\n",
       "\n",
       "    .dataframe thead th {\n",
       "        text-align: right;\n",
       "    }\n",
       "</style>\n",
       "<table border=\"1\" class=\"dataframe\">\n",
       "  <thead>\n",
       "    <tr style=\"text-align: right;\">\n",
       "      <th></th>\n",
       "      <th>name</th>\n",
       "      <th>mfr</th>\n",
       "      <th>type</th>\n",
       "      <th>calories</th>\n",
       "      <th>protein</th>\n",
       "      <th>fat</th>\n",
       "      <th>sodium</th>\n",
       "      <th>fiber</th>\n",
       "      <th>carbo</th>\n",
       "      <th>sugars</th>\n",
       "      <th>potass</th>\n",
       "      <th>vitamins</th>\n",
       "      <th>shelf</th>\n",
       "      <th>weight</th>\n",
       "      <th>cups</th>\n",
       "      <th>rating</th>\n",
       "    </tr>\n",
       "  </thead>\n",
       "  <tbody>\n",
       "    <tr>\n",
       "      <td>0</td>\n",
       "      <td>100% Bran</td>\n",
       "      <td>N</td>\n",
       "      <td>C</td>\n",
       "      <td>70</td>\n",
       "      <td>4</td>\n",
       "      <td>1</td>\n",
       "      <td>130</td>\n",
       "      <td>10.0</td>\n",
       "      <td>5.0</td>\n",
       "      <td>6</td>\n",
       "      <td>280</td>\n",
       "      <td>25</td>\n",
       "      <td>3</td>\n",
       "      <td>1.0</td>\n",
       "      <td>0.33</td>\n",
       "      <td>68.402973</td>\n",
       "    </tr>\n",
       "    <tr>\n",
       "      <td>1</td>\n",
       "      <td>100% Natural Bran</td>\n",
       "      <td>Q</td>\n",
       "      <td>C</td>\n",
       "      <td>120</td>\n",
       "      <td>3</td>\n",
       "      <td>5</td>\n",
       "      <td>15</td>\n",
       "      <td>2.0</td>\n",
       "      <td>8.0</td>\n",
       "      <td>8</td>\n",
       "      <td>135</td>\n",
       "      <td>0</td>\n",
       "      <td>3</td>\n",
       "      <td>1.0</td>\n",
       "      <td>1.00</td>\n",
       "      <td>33.983679</td>\n",
       "    </tr>\n",
       "    <tr>\n",
       "      <td>2</td>\n",
       "      <td>All-Bran</td>\n",
       "      <td>K</td>\n",
       "      <td>C</td>\n",
       "      <td>70</td>\n",
       "      <td>4</td>\n",
       "      <td>1</td>\n",
       "      <td>260</td>\n",
       "      <td>9.0</td>\n",
       "      <td>7.0</td>\n",
       "      <td>5</td>\n",
       "      <td>320</td>\n",
       "      <td>25</td>\n",
       "      <td>3</td>\n",
       "      <td>1.0</td>\n",
       "      <td>0.33</td>\n",
       "      <td>59.425505</td>\n",
       "    </tr>\n",
       "    <tr>\n",
       "      <td>3</td>\n",
       "      <td>All-Bran with Extra Fiber</td>\n",
       "      <td>K</td>\n",
       "      <td>C</td>\n",
       "      <td>50</td>\n",
       "      <td>4</td>\n",
       "      <td>0</td>\n",
       "      <td>140</td>\n",
       "      <td>14.0</td>\n",
       "      <td>8.0</td>\n",
       "      <td>0</td>\n",
       "      <td>330</td>\n",
       "      <td>25</td>\n",
       "      <td>3</td>\n",
       "      <td>1.0</td>\n",
       "      <td>0.50</td>\n",
       "      <td>93.704912</td>\n",
       "    </tr>\n",
       "    <tr>\n",
       "      <td>4</td>\n",
       "      <td>Almond Delight</td>\n",
       "      <td>R</td>\n",
       "      <td>C</td>\n",
       "      <td>110</td>\n",
       "      <td>2</td>\n",
       "      <td>2</td>\n",
       "      <td>200</td>\n",
       "      <td>1.0</td>\n",
       "      <td>14.0</td>\n",
       "      <td>8</td>\n",
       "      <td>-1</td>\n",
       "      <td>25</td>\n",
       "      <td>3</td>\n",
       "      <td>1.0</td>\n",
       "      <td>0.75</td>\n",
       "      <td>34.384843</td>\n",
       "    </tr>\n",
       "    <tr>\n",
       "      <td>...</td>\n",
       "      <td>...</td>\n",
       "      <td>...</td>\n",
       "      <td>...</td>\n",
       "      <td>...</td>\n",
       "      <td>...</td>\n",
       "      <td>...</td>\n",
       "      <td>...</td>\n",
       "      <td>...</td>\n",
       "      <td>...</td>\n",
       "      <td>...</td>\n",
       "      <td>...</td>\n",
       "      <td>...</td>\n",
       "      <td>...</td>\n",
       "      <td>...</td>\n",
       "      <td>...</td>\n",
       "      <td>...</td>\n",
       "    </tr>\n",
       "    <tr>\n",
       "      <td>72</td>\n",
       "      <td>Triples</td>\n",
       "      <td>G</td>\n",
       "      <td>C</td>\n",
       "      <td>110</td>\n",
       "      <td>2</td>\n",
       "      <td>1</td>\n",
       "      <td>250</td>\n",
       "      <td>0.0</td>\n",
       "      <td>21.0</td>\n",
       "      <td>3</td>\n",
       "      <td>60</td>\n",
       "      <td>25</td>\n",
       "      <td>3</td>\n",
       "      <td>1.0</td>\n",
       "      <td>0.75</td>\n",
       "      <td>39.106174</td>\n",
       "    </tr>\n",
       "    <tr>\n",
       "      <td>73</td>\n",
       "      <td>Trix</td>\n",
       "      <td>G</td>\n",
       "      <td>C</td>\n",
       "      <td>110</td>\n",
       "      <td>1</td>\n",
       "      <td>1</td>\n",
       "      <td>140</td>\n",
       "      <td>0.0</td>\n",
       "      <td>13.0</td>\n",
       "      <td>12</td>\n",
       "      <td>25</td>\n",
       "      <td>25</td>\n",
       "      <td>2</td>\n",
       "      <td>1.0</td>\n",
       "      <td>1.00</td>\n",
       "      <td>27.753301</td>\n",
       "    </tr>\n",
       "    <tr>\n",
       "      <td>74</td>\n",
       "      <td>Wheat Chex</td>\n",
       "      <td>R</td>\n",
       "      <td>C</td>\n",
       "      <td>100</td>\n",
       "      <td>3</td>\n",
       "      <td>1</td>\n",
       "      <td>230</td>\n",
       "      <td>3.0</td>\n",
       "      <td>17.0</td>\n",
       "      <td>3</td>\n",
       "      <td>115</td>\n",
       "      <td>25</td>\n",
       "      <td>1</td>\n",
       "      <td>1.0</td>\n",
       "      <td>0.67</td>\n",
       "      <td>49.787445</td>\n",
       "    </tr>\n",
       "    <tr>\n",
       "      <td>75</td>\n",
       "      <td>Wheaties</td>\n",
       "      <td>G</td>\n",
       "      <td>C</td>\n",
       "      <td>100</td>\n",
       "      <td>3</td>\n",
       "      <td>1</td>\n",
       "      <td>200</td>\n",
       "      <td>3.0</td>\n",
       "      <td>17.0</td>\n",
       "      <td>3</td>\n",
       "      <td>110</td>\n",
       "      <td>25</td>\n",
       "      <td>1</td>\n",
       "      <td>1.0</td>\n",
       "      <td>1.00</td>\n",
       "      <td>51.592193</td>\n",
       "    </tr>\n",
       "    <tr>\n",
       "      <td>76</td>\n",
       "      <td>Wheaties Honey Gold</td>\n",
       "      <td>G</td>\n",
       "      <td>C</td>\n",
       "      <td>110</td>\n",
       "      <td>2</td>\n",
       "      <td>1</td>\n",
       "      <td>200</td>\n",
       "      <td>1.0</td>\n",
       "      <td>16.0</td>\n",
       "      <td>8</td>\n",
       "      <td>60</td>\n",
       "      <td>25</td>\n",
       "      <td>1</td>\n",
       "      <td>1.0</td>\n",
       "      <td>0.75</td>\n",
       "      <td>36.187559</td>\n",
       "    </tr>\n",
       "  </tbody>\n",
       "</table>\n",
       "<p>77 rows × 16 columns</p>\n",
       "</div>"
      ],
      "text/plain": [
       "                         name mfr type  calories  protein  fat  sodium  fiber  \\\n",
       "0                   100% Bran   N    C        70        4    1     130   10.0   \n",
       "1           100% Natural Bran   Q    C       120        3    5      15    2.0   \n",
       "2                    All-Bran   K    C        70        4    1     260    9.0   \n",
       "3   All-Bran with Extra Fiber   K    C        50        4    0     140   14.0   \n",
       "4              Almond Delight   R    C       110        2    2     200    1.0   \n",
       "..                        ...  ..  ...       ...      ...  ...     ...    ...   \n",
       "72                    Triples   G    C       110        2    1     250    0.0   \n",
       "73                       Trix   G    C       110        1    1     140    0.0   \n",
       "74                 Wheat Chex   R    C       100        3    1     230    3.0   \n",
       "75                   Wheaties   G    C       100        3    1     200    3.0   \n",
       "76        Wheaties Honey Gold   G    C       110        2    1     200    1.0   \n",
       "\n",
       "    carbo  sugars  potass  vitamins  shelf  weight  cups     rating  \n",
       "0     5.0       6     280        25      3     1.0  0.33  68.402973  \n",
       "1     8.0       8     135         0      3     1.0  1.00  33.983679  \n",
       "2     7.0       5     320        25      3     1.0  0.33  59.425505  \n",
       "3     8.0       0     330        25      3     1.0  0.50  93.704912  \n",
       "4    14.0       8      -1        25      3     1.0  0.75  34.384843  \n",
       "..    ...     ...     ...       ...    ...     ...   ...        ...  \n",
       "72   21.0       3      60        25      3     1.0  0.75  39.106174  \n",
       "73   13.0      12      25        25      2     1.0  1.00  27.753301  \n",
       "74   17.0       3     115        25      1     1.0  0.67  49.787445  \n",
       "75   17.0       3     110        25      1     1.0  1.00  51.592193  \n",
       "76   16.0       8      60        25      1     1.0  0.75  36.187559  \n",
       "\n",
       "[77 rows x 16 columns]"
      ]
     },
     "execution_count": 116,
     "metadata": {},
     "output_type": "execute_result"
    }
   ],
   "source": [
    "\n",
    "data1=pd.read_csv(\"cereal.csv\")\n",
    "data1"
   ]
  },
  {
   "cell_type": "code",
   "execution_count": 117,
   "metadata": {},
   "outputs": [
    {
     "data": {
      "text/html": [
       "<div>\n",
       "<style scoped>\n",
       "    .dataframe tbody tr th:only-of-type {\n",
       "        vertical-align: middle;\n",
       "    }\n",
       "\n",
       "    .dataframe tbody tr th {\n",
       "        vertical-align: top;\n",
       "    }\n",
       "\n",
       "    .dataframe thead th {\n",
       "        text-align: right;\n",
       "    }\n",
       "</style>\n",
       "<table border=\"1\" class=\"dataframe\">\n",
       "  <thead>\n",
       "    <tr style=\"text-align: right;\">\n",
       "      <th></th>\n",
       "      <th>calories</th>\n",
       "      <th>protein</th>\n",
       "      <th>fat</th>\n",
       "      <th>sodium</th>\n",
       "      <th>fiber</th>\n",
       "      <th>carbo</th>\n",
       "      <th>sugars</th>\n",
       "      <th>potass</th>\n",
       "      <th>vitamins</th>\n",
       "      <th>shelf</th>\n",
       "      <th>weight</th>\n",
       "      <th>cups</th>\n",
       "      <th>rating</th>\n",
       "    </tr>\n",
       "  </thead>\n",
       "  <tbody>\n",
       "    <tr>\n",
       "      <td>count</td>\n",
       "      <td>77.000000</td>\n",
       "      <td>77.000000</td>\n",
       "      <td>77.000000</td>\n",
       "      <td>77.000000</td>\n",
       "      <td>77.000000</td>\n",
       "      <td>77.000000</td>\n",
       "      <td>77.000000</td>\n",
       "      <td>77.000000</td>\n",
       "      <td>77.000000</td>\n",
       "      <td>77.000000</td>\n",
       "      <td>77.000000</td>\n",
       "      <td>77.000000</td>\n",
       "      <td>77.000000</td>\n",
       "    </tr>\n",
       "    <tr>\n",
       "      <td>mean</td>\n",
       "      <td>106.883117</td>\n",
       "      <td>2.545455</td>\n",
       "      <td>1.012987</td>\n",
       "      <td>159.675325</td>\n",
       "      <td>2.151948</td>\n",
       "      <td>14.597403</td>\n",
       "      <td>6.922078</td>\n",
       "      <td>96.077922</td>\n",
       "      <td>28.246753</td>\n",
       "      <td>2.207792</td>\n",
       "      <td>1.029610</td>\n",
       "      <td>0.821039</td>\n",
       "      <td>42.665705</td>\n",
       "    </tr>\n",
       "    <tr>\n",
       "      <td>std</td>\n",
       "      <td>19.484119</td>\n",
       "      <td>1.094790</td>\n",
       "      <td>1.006473</td>\n",
       "      <td>83.832295</td>\n",
       "      <td>2.383364</td>\n",
       "      <td>4.278956</td>\n",
       "      <td>4.444885</td>\n",
       "      <td>71.286813</td>\n",
       "      <td>22.342523</td>\n",
       "      <td>0.832524</td>\n",
       "      <td>0.150477</td>\n",
       "      <td>0.232716</td>\n",
       "      <td>14.047289</td>\n",
       "    </tr>\n",
       "    <tr>\n",
       "      <td>min</td>\n",
       "      <td>50.000000</td>\n",
       "      <td>1.000000</td>\n",
       "      <td>0.000000</td>\n",
       "      <td>0.000000</td>\n",
       "      <td>0.000000</td>\n",
       "      <td>-1.000000</td>\n",
       "      <td>-1.000000</td>\n",
       "      <td>-1.000000</td>\n",
       "      <td>0.000000</td>\n",
       "      <td>1.000000</td>\n",
       "      <td>0.500000</td>\n",
       "      <td>0.250000</td>\n",
       "      <td>18.042851</td>\n",
       "    </tr>\n",
       "    <tr>\n",
       "      <td>25%</td>\n",
       "      <td>100.000000</td>\n",
       "      <td>2.000000</td>\n",
       "      <td>0.000000</td>\n",
       "      <td>130.000000</td>\n",
       "      <td>1.000000</td>\n",
       "      <td>12.000000</td>\n",
       "      <td>3.000000</td>\n",
       "      <td>40.000000</td>\n",
       "      <td>25.000000</td>\n",
       "      <td>1.000000</td>\n",
       "      <td>1.000000</td>\n",
       "      <td>0.670000</td>\n",
       "      <td>33.174094</td>\n",
       "    </tr>\n",
       "    <tr>\n",
       "      <td>50%</td>\n",
       "      <td>110.000000</td>\n",
       "      <td>3.000000</td>\n",
       "      <td>1.000000</td>\n",
       "      <td>180.000000</td>\n",
       "      <td>2.000000</td>\n",
       "      <td>14.000000</td>\n",
       "      <td>7.000000</td>\n",
       "      <td>90.000000</td>\n",
       "      <td>25.000000</td>\n",
       "      <td>2.000000</td>\n",
       "      <td>1.000000</td>\n",
       "      <td>0.750000</td>\n",
       "      <td>40.400208</td>\n",
       "    </tr>\n",
       "    <tr>\n",
       "      <td>75%</td>\n",
       "      <td>110.000000</td>\n",
       "      <td>3.000000</td>\n",
       "      <td>2.000000</td>\n",
       "      <td>210.000000</td>\n",
       "      <td>3.000000</td>\n",
       "      <td>17.000000</td>\n",
       "      <td>11.000000</td>\n",
       "      <td>120.000000</td>\n",
       "      <td>25.000000</td>\n",
       "      <td>3.000000</td>\n",
       "      <td>1.000000</td>\n",
       "      <td>1.000000</td>\n",
       "      <td>50.828392</td>\n",
       "    </tr>\n",
       "    <tr>\n",
       "      <td>max</td>\n",
       "      <td>160.000000</td>\n",
       "      <td>6.000000</td>\n",
       "      <td>5.000000</td>\n",
       "      <td>320.000000</td>\n",
       "      <td>14.000000</td>\n",
       "      <td>23.000000</td>\n",
       "      <td>15.000000</td>\n",
       "      <td>330.000000</td>\n",
       "      <td>100.000000</td>\n",
       "      <td>3.000000</td>\n",
       "      <td>1.500000</td>\n",
       "      <td>1.500000</td>\n",
       "      <td>93.704912</td>\n",
       "    </tr>\n",
       "  </tbody>\n",
       "</table>\n",
       "</div>"
      ],
      "text/plain": [
       "         calories    protein        fat      sodium      fiber      carbo  \\\n",
       "count   77.000000  77.000000  77.000000   77.000000  77.000000  77.000000   \n",
       "mean   106.883117   2.545455   1.012987  159.675325   2.151948  14.597403   \n",
       "std     19.484119   1.094790   1.006473   83.832295   2.383364   4.278956   \n",
       "min     50.000000   1.000000   0.000000    0.000000   0.000000  -1.000000   \n",
       "25%    100.000000   2.000000   0.000000  130.000000   1.000000  12.000000   \n",
       "50%    110.000000   3.000000   1.000000  180.000000   2.000000  14.000000   \n",
       "75%    110.000000   3.000000   2.000000  210.000000   3.000000  17.000000   \n",
       "max    160.000000   6.000000   5.000000  320.000000  14.000000  23.000000   \n",
       "\n",
       "          sugars      potass    vitamins      shelf     weight       cups  \\\n",
       "count  77.000000   77.000000   77.000000  77.000000  77.000000  77.000000   \n",
       "mean    6.922078   96.077922   28.246753   2.207792   1.029610   0.821039   \n",
       "std     4.444885   71.286813   22.342523   0.832524   0.150477   0.232716   \n",
       "min    -1.000000   -1.000000    0.000000   1.000000   0.500000   0.250000   \n",
       "25%     3.000000   40.000000   25.000000   1.000000   1.000000   0.670000   \n",
       "50%     7.000000   90.000000   25.000000   2.000000   1.000000   0.750000   \n",
       "75%    11.000000  120.000000   25.000000   3.000000   1.000000   1.000000   \n",
       "max    15.000000  330.000000  100.000000   3.000000   1.500000   1.500000   \n",
       "\n",
       "          rating  \n",
       "count  77.000000  \n",
       "mean   42.665705  \n",
       "std    14.047289  \n",
       "min    18.042851  \n",
       "25%    33.174094  \n",
       "50%    40.400208  \n",
       "75%    50.828392  \n",
       "max    93.704912  "
      ]
     },
     "execution_count": 117,
     "metadata": {},
     "output_type": "execute_result"
    }
   ],
   "source": [
    "data1.describe()"
   ]
  },
  {
   "cell_type": "code",
   "execution_count": 118,
   "metadata": {},
   "outputs": [
    {
     "data": {
      "text/html": [
       "<div>\n",
       "<style scoped>\n",
       "    .dataframe tbody tr th:only-of-type {\n",
       "        vertical-align: middle;\n",
       "    }\n",
       "\n",
       "    .dataframe tbody tr th {\n",
       "        vertical-align: top;\n",
       "    }\n",
       "\n",
       "    .dataframe thead th {\n",
       "        text-align: right;\n",
       "    }\n",
       "</style>\n",
       "<table border=\"1\" class=\"dataframe\">\n",
       "  <thead>\n",
       "    <tr style=\"text-align: right;\">\n",
       "      <th></th>\n",
       "      <th>calories</th>\n",
       "      <th>protein</th>\n",
       "      <th>fat</th>\n",
       "      <th>sodium</th>\n",
       "      <th>fiber</th>\n",
       "      <th>carbo</th>\n",
       "      <th>sugars</th>\n",
       "      <th>potass</th>\n",
       "      <th>vitamins</th>\n",
       "      <th>shelf</th>\n",
       "      <th>weight</th>\n",
       "      <th>cups</th>\n",
       "      <th>rating</th>\n",
       "    </tr>\n",
       "  </thead>\n",
       "  <tbody>\n",
       "    <tr>\n",
       "      <td>calories</td>\n",
       "      <td>379.630895</td>\n",
       "      <td>0.406699</td>\n",
       "      <td>9.777854</td>\n",
       "      <td>491.079973</td>\n",
       "      <td>-13.625427</td>\n",
       "      <td>20.899692</td>\n",
       "      <td>48.701299</td>\n",
       "      <td>-92.517088</td>\n",
       "      <td>115.516063</td>\n",
       "      <td>1.577239</td>\n",
       "      <td>2.040875</td>\n",
       "      <td>0.395386</td>\n",
       "      <td>-188.681562</td>\n",
       "    </tr>\n",
       "    <tr>\n",
       "      <td>protein</td>\n",
       "      <td>0.406699</td>\n",
       "      <td>1.198565</td>\n",
       "      <td>0.229665</td>\n",
       "      <td>-5.017943</td>\n",
       "      <td>1.305502</td>\n",
       "      <td>-0.613038</td>\n",
       "      <td>-1.601675</td>\n",
       "      <td>42.877990</td>\n",
       "      <td>0.179426</td>\n",
       "      <td>0.122010</td>\n",
       "      <td>0.035610</td>\n",
       "      <td>-0.062285</td>\n",
       "      <td>7.237560</td>\n",
       "    </tr>\n",
       "    <tr>\n",
       "      <td>fat</td>\n",
       "      <td>9.777854</td>\n",
       "      <td>0.229665</td>\n",
       "      <td>1.012987</td>\n",
       "      <td>-0.456254</td>\n",
       "      <td>0.040106</td>\n",
       "      <td>-1.369703</td>\n",
       "      <td>1.211552</td>\n",
       "      <td>13.867396</td>\n",
       "      <td>-0.700615</td>\n",
       "      <td>0.220950</td>\n",
       "      <td>0.032505</td>\n",
       "      <td>-0.041198</td>\n",
       "      <td>-5.786539</td>\n",
       "    </tr>\n",
       "    <tr>\n",
       "      <td>sodium</td>\n",
       "      <td>491.079973</td>\n",
       "      <td>-5.017943</td>\n",
       "      <td>-0.456254</td>\n",
       "      <td>7027.853725</td>\n",
       "      <td>-14.121070</td>\n",
       "      <td>127.696514</td>\n",
       "      <td>37.803315</td>\n",
       "      <td>-194.842789</td>\n",
       "      <td>677.054853</td>\n",
       "      <td>-4.865858</td>\n",
       "      <td>3.892635</td>\n",
       "      <td>2.334552</td>\n",
       "      <td>-472.571837</td>\n",
       "    </tr>\n",
       "    <tr>\n",
       "      <td>fiber</td>\n",
       "      <td>-13.625427</td>\n",
       "      <td>1.305502</td>\n",
       "      <td>0.040106</td>\n",
       "      <td>-14.121070</td>\n",
       "      <td>5.680424</td>\n",
       "      <td>-3.631442</td>\n",
       "      <td>-1.495899</td>\n",
       "      <td>153.485373</td>\n",
       "      <td>-1.716934</td>\n",
       "      <td>0.590379</td>\n",
       "      <td>0.088665</td>\n",
       "      <td>-0.284568</td>\n",
       "      <td>19.557575</td>\n",
       "    </tr>\n",
       "    <tr>\n",
       "      <td>carbo</td>\n",
       "      <td>20.899692</td>\n",
       "      <td>-0.613038</td>\n",
       "      <td>-1.369703</td>\n",
       "      <td>127.696514</td>\n",
       "      <td>-3.631442</td>\n",
       "      <td>18.309467</td>\n",
       "      <td>-6.308100</td>\n",
       "      <td>-106.665584</td>\n",
       "      <td>24.679597</td>\n",
       "      <td>-0.362611</td>\n",
       "      <td>0.087012</td>\n",
       "      <td>0.362397</td>\n",
       "      <td>3.128888</td>\n",
       "    </tr>\n",
       "    <tr>\n",
       "      <td>sugars</td>\n",
       "      <td>48.701299</td>\n",
       "      <td>-1.601675</td>\n",
       "      <td>1.211552</td>\n",
       "      <td>37.803315</td>\n",
       "      <td>-1.495899</td>\n",
       "      <td>-6.308100</td>\n",
       "      <td>19.757006</td>\n",
       "      <td>6.874573</td>\n",
       "      <td>12.427375</td>\n",
       "      <td>0.371668</td>\n",
       "      <td>0.301417</td>\n",
       "      <td>-0.033471</td>\n",
       "      <td>-47.433013</td>\n",
       "    </tr>\n",
       "    <tr>\n",
       "      <td>potass</td>\n",
       "      <td>-92.517088</td>\n",
       "      <td>42.877990</td>\n",
       "      <td>13.867396</td>\n",
       "      <td>-194.842789</td>\n",
       "      <td>153.485373</td>\n",
       "      <td>-106.665584</td>\n",
       "      <td>6.874573</td>\n",
       "      <td>5081.809638</td>\n",
       "      <td>32.967362</td>\n",
       "      <td>21.404648</td>\n",
       "      <td>4.465689</td>\n",
       "      <td>-8.215082</td>\n",
       "      <td>380.692445</td>\n",
       "    </tr>\n",
       "    <tr>\n",
       "      <td>vitamins</td>\n",
       "      <td>115.516063</td>\n",
       "      <td>0.179426</td>\n",
       "      <td>-0.700615</td>\n",
       "      <td>677.054853</td>\n",
       "      <td>-1.716934</td>\n",
       "      <td>24.679597</td>\n",
       "      <td>12.427375</td>\n",
       "      <td>32.967362</td>\n",
       "      <td>499.188312</td>\n",
       "      <td>5.566473</td>\n",
       "      <td>1.076940</td>\n",
       "      <td>0.667635</td>\n",
       "      <td>-75.495061</td>\n",
       "    </tr>\n",
       "    <tr>\n",
       "      <td>shelf</td>\n",
       "      <td>1.577239</td>\n",
       "      <td>0.122010</td>\n",
       "      <td>0.220950</td>\n",
       "      <td>-4.865858</td>\n",
       "      <td>0.590379</td>\n",
       "      <td>-0.362611</td>\n",
       "      <td>0.371668</td>\n",
       "      <td>21.404648</td>\n",
       "      <td>5.566473</td>\n",
       "      <td>0.693096</td>\n",
       "      <td>0.023898</td>\n",
       "      <td>-0.064956</td>\n",
       "      <td>0.294225</td>\n",
       "    </tr>\n",
       "    <tr>\n",
       "      <td>weight</td>\n",
       "      <td>2.040875</td>\n",
       "      <td>0.035610</td>\n",
       "      <td>0.032505</td>\n",
       "      <td>3.892635</td>\n",
       "      <td>0.088665</td>\n",
       "      <td>0.087012</td>\n",
       "      <td>0.301417</td>\n",
       "      <td>4.465689</td>\n",
       "      <td>1.076940</td>\n",
       "      <td>0.023898</td>\n",
       "      <td>0.022643</td>\n",
       "      <td>-0.006989</td>\n",
       "      <td>-0.630172</td>\n",
       "    </tr>\n",
       "    <tr>\n",
       "      <td>cups</td>\n",
       "      <td>0.395386</td>\n",
       "      <td>-0.062285</td>\n",
       "      <td>-0.041198</td>\n",
       "      <td>2.334552</td>\n",
       "      <td>-0.284568</td>\n",
       "      <td>0.362397</td>\n",
       "      <td>-0.033471</td>\n",
       "      <td>-8.215082</td>\n",
       "      <td>0.667635</td>\n",
       "      <td>-0.064956</td>\n",
       "      <td>-0.006989</td>\n",
       "      <td>0.054157</td>\n",
       "      <td>-0.664137</td>\n",
       "    </tr>\n",
       "    <tr>\n",
       "      <td>rating</td>\n",
       "      <td>-188.681562</td>\n",
       "      <td>7.237560</td>\n",
       "      <td>-5.786539</td>\n",
       "      <td>-472.571837</td>\n",
       "      <td>19.557575</td>\n",
       "      <td>3.128888</td>\n",
       "      <td>-47.433013</td>\n",
       "      <td>380.692445</td>\n",
       "      <td>-75.495061</td>\n",
       "      <td>0.294225</td>\n",
       "      <td>-0.630172</td>\n",
       "      <td>-0.664137</td>\n",
       "      <td>197.326321</td>\n",
       "    </tr>\n",
       "  </tbody>\n",
       "</table>\n",
       "</div>"
      ],
      "text/plain": [
       "            calories    protein        fat       sodium       fiber  \\\n",
       "calories  379.630895   0.406699   9.777854   491.079973  -13.625427   \n",
       "protein     0.406699   1.198565   0.229665    -5.017943    1.305502   \n",
       "fat         9.777854   0.229665   1.012987    -0.456254    0.040106   \n",
       "sodium    491.079973  -5.017943  -0.456254  7027.853725  -14.121070   \n",
       "fiber     -13.625427   1.305502   0.040106   -14.121070    5.680424   \n",
       "carbo      20.899692  -0.613038  -1.369703   127.696514   -3.631442   \n",
       "sugars     48.701299  -1.601675   1.211552    37.803315   -1.495899   \n",
       "potass    -92.517088  42.877990  13.867396  -194.842789  153.485373   \n",
       "vitamins  115.516063   0.179426  -0.700615   677.054853   -1.716934   \n",
       "shelf       1.577239   0.122010   0.220950    -4.865858    0.590379   \n",
       "weight      2.040875   0.035610   0.032505     3.892635    0.088665   \n",
       "cups        0.395386  -0.062285  -0.041198     2.334552   -0.284568   \n",
       "rating   -188.681562   7.237560  -5.786539  -472.571837   19.557575   \n",
       "\n",
       "               carbo     sugars       potass    vitamins      shelf    weight  \\\n",
       "calories   20.899692  48.701299   -92.517088  115.516063   1.577239  2.040875   \n",
       "protein    -0.613038  -1.601675    42.877990    0.179426   0.122010  0.035610   \n",
       "fat        -1.369703   1.211552    13.867396   -0.700615   0.220950  0.032505   \n",
       "sodium    127.696514  37.803315  -194.842789  677.054853  -4.865858  3.892635   \n",
       "fiber      -3.631442  -1.495899   153.485373   -1.716934   0.590379  0.088665   \n",
       "carbo      18.309467  -6.308100  -106.665584   24.679597  -0.362611  0.087012   \n",
       "sugars     -6.308100  19.757006     6.874573   12.427375   0.371668  0.301417   \n",
       "potass   -106.665584   6.874573  5081.809638   32.967362  21.404648  4.465689   \n",
       "vitamins   24.679597  12.427375    32.967362  499.188312   5.566473  1.076940   \n",
       "shelf      -0.362611   0.371668    21.404648    5.566473   0.693096  0.023898   \n",
       "weight      0.087012   0.301417     4.465689    1.076940   0.023898  0.022643   \n",
       "cups        0.362397  -0.033471    -8.215082    0.667635  -0.064956 -0.006989   \n",
       "rating      3.128888 -47.433013   380.692445  -75.495061   0.294225 -0.630172   \n",
       "\n",
       "              cups      rating  \n",
       "calories  0.395386 -188.681562  \n",
       "protein  -0.062285    7.237560  \n",
       "fat      -0.041198   -5.786539  \n",
       "sodium    2.334552 -472.571837  \n",
       "fiber    -0.284568   19.557575  \n",
       "carbo     0.362397    3.128888  \n",
       "sugars   -0.033471  -47.433013  \n",
       "potass   -8.215082  380.692445  \n",
       "vitamins  0.667635  -75.495061  \n",
       "shelf    -0.064956    0.294225  \n",
       "weight   -0.006989   -0.630172  \n",
       "cups      0.054157   -0.664137  \n",
       "rating   -0.664137  197.326321  "
      ]
     },
     "execution_count": 118,
     "metadata": {},
     "output_type": "execute_result"
    }
   ],
   "source": [
    "data1.cov()"
   ]
  },
  {
   "cell_type": "code",
   "execution_count": 119,
   "metadata": {},
   "outputs": [
    {
     "data": {
      "text/html": [
       "<div>\n",
       "<style scoped>\n",
       "    .dataframe tbody tr th:only-of-type {\n",
       "        vertical-align: middle;\n",
       "    }\n",
       "\n",
       "    .dataframe tbody tr th {\n",
       "        vertical-align: top;\n",
       "    }\n",
       "\n",
       "    .dataframe thead th {\n",
       "        text-align: right;\n",
       "    }\n",
       "</style>\n",
       "<table border=\"1\" class=\"dataframe\">\n",
       "  <thead>\n",
       "    <tr style=\"text-align: right;\">\n",
       "      <th></th>\n",
       "      <th>calories</th>\n",
       "      <th>protein</th>\n",
       "      <th>fat</th>\n",
       "      <th>sodium</th>\n",
       "      <th>fiber</th>\n",
       "      <th>carbo</th>\n",
       "      <th>sugars</th>\n",
       "      <th>potass</th>\n",
       "      <th>vitamins</th>\n",
       "      <th>shelf</th>\n",
       "      <th>weight</th>\n",
       "      <th>cups</th>\n",
       "      <th>rating</th>\n",
       "    </tr>\n",
       "  </thead>\n",
       "  <tbody>\n",
       "    <tr>\n",
       "      <td>calories</td>\n",
       "      <td>1.000000</td>\n",
       "      <td>0.019066</td>\n",
       "      <td>0.498610</td>\n",
       "      <td>0.300649</td>\n",
       "      <td>-0.293413</td>\n",
       "      <td>0.250681</td>\n",
       "      <td>0.562340</td>\n",
       "      <td>-0.066609</td>\n",
       "      <td>0.265356</td>\n",
       "      <td>0.097234</td>\n",
       "      <td>0.696091</td>\n",
       "      <td>0.087200</td>\n",
       "      <td>-0.689376</td>\n",
       "    </tr>\n",
       "    <tr>\n",
       "      <td>protein</td>\n",
       "      <td>0.019066</td>\n",
       "      <td>1.000000</td>\n",
       "      <td>0.208431</td>\n",
       "      <td>-0.054674</td>\n",
       "      <td>0.500330</td>\n",
       "      <td>-0.130864</td>\n",
       "      <td>-0.329142</td>\n",
       "      <td>0.549407</td>\n",
       "      <td>0.007335</td>\n",
       "      <td>0.133865</td>\n",
       "      <td>0.216158</td>\n",
       "      <td>-0.244469</td>\n",
       "      <td>0.470618</td>\n",
       "    </tr>\n",
       "    <tr>\n",
       "      <td>fat</td>\n",
       "      <td>0.498610</td>\n",
       "      <td>0.208431</td>\n",
       "      <td>1.000000</td>\n",
       "      <td>-0.005407</td>\n",
       "      <td>0.016719</td>\n",
       "      <td>-0.318043</td>\n",
       "      <td>0.270819</td>\n",
       "      <td>0.193279</td>\n",
       "      <td>-0.031156</td>\n",
       "      <td>0.263691</td>\n",
       "      <td>0.214625</td>\n",
       "      <td>-0.175892</td>\n",
       "      <td>-0.409284</td>\n",
       "    </tr>\n",
       "    <tr>\n",
       "      <td>sodium</td>\n",
       "      <td>0.300649</td>\n",
       "      <td>-0.054674</td>\n",
       "      <td>-0.005407</td>\n",
       "      <td>1.000000</td>\n",
       "      <td>-0.070675</td>\n",
       "      <td>0.355983</td>\n",
       "      <td>0.101451</td>\n",
       "      <td>-0.032603</td>\n",
       "      <td>0.361477</td>\n",
       "      <td>-0.069719</td>\n",
       "      <td>0.308576</td>\n",
       "      <td>0.119665</td>\n",
       "      <td>-0.401295</td>\n",
       "    </tr>\n",
       "    <tr>\n",
       "      <td>fiber</td>\n",
       "      <td>-0.293413</td>\n",
       "      <td>0.500330</td>\n",
       "      <td>0.016719</td>\n",
       "      <td>-0.070675</td>\n",
       "      <td>1.000000</td>\n",
       "      <td>-0.356083</td>\n",
       "      <td>-0.141205</td>\n",
       "      <td>0.903374</td>\n",
       "      <td>-0.032243</td>\n",
       "      <td>0.297539</td>\n",
       "      <td>0.247226</td>\n",
       "      <td>-0.513061</td>\n",
       "      <td>0.584160</td>\n",
       "    </tr>\n",
       "    <tr>\n",
       "      <td>carbo</td>\n",
       "      <td>0.250681</td>\n",
       "      <td>-0.130864</td>\n",
       "      <td>-0.318043</td>\n",
       "      <td>0.355983</td>\n",
       "      <td>-0.356083</td>\n",
       "      <td>1.000000</td>\n",
       "      <td>-0.331665</td>\n",
       "      <td>-0.349685</td>\n",
       "      <td>0.258148</td>\n",
       "      <td>-0.101790</td>\n",
       "      <td>0.135136</td>\n",
       "      <td>0.363932</td>\n",
       "      <td>0.052055</td>\n",
       "    </tr>\n",
       "    <tr>\n",
       "      <td>sugars</td>\n",
       "      <td>0.562340</td>\n",
       "      <td>-0.329142</td>\n",
       "      <td>0.270819</td>\n",
       "      <td>0.101451</td>\n",
       "      <td>-0.141205</td>\n",
       "      <td>-0.331665</td>\n",
       "      <td>1.000000</td>\n",
       "      <td>0.021696</td>\n",
       "      <td>0.125137</td>\n",
       "      <td>0.100438</td>\n",
       "      <td>0.450648</td>\n",
       "      <td>-0.032358</td>\n",
       "      <td>-0.759675</td>\n",
       "    </tr>\n",
       "    <tr>\n",
       "      <td>potass</td>\n",
       "      <td>-0.066609</td>\n",
       "      <td>0.549407</td>\n",
       "      <td>0.193279</td>\n",
       "      <td>-0.032603</td>\n",
       "      <td>0.903374</td>\n",
       "      <td>-0.349685</td>\n",
       "      <td>0.021696</td>\n",
       "      <td>1.000000</td>\n",
       "      <td>0.020699</td>\n",
       "      <td>0.360663</td>\n",
       "      <td>0.416303</td>\n",
       "      <td>-0.495195</td>\n",
       "      <td>0.380165</td>\n",
       "    </tr>\n",
       "    <tr>\n",
       "      <td>vitamins</td>\n",
       "      <td>0.265356</td>\n",
       "      <td>0.007335</td>\n",
       "      <td>-0.031156</td>\n",
       "      <td>0.361477</td>\n",
       "      <td>-0.032243</td>\n",
       "      <td>0.258148</td>\n",
       "      <td>0.125137</td>\n",
       "      <td>0.020699</td>\n",
       "      <td>1.000000</td>\n",
       "      <td>0.299262</td>\n",
       "      <td>0.320324</td>\n",
       "      <td>0.128405</td>\n",
       "      <td>-0.240544</td>\n",
       "    </tr>\n",
       "    <tr>\n",
       "      <td>shelf</td>\n",
       "      <td>0.097234</td>\n",
       "      <td>0.133865</td>\n",
       "      <td>0.263691</td>\n",
       "      <td>-0.069719</td>\n",
       "      <td>0.297539</td>\n",
       "      <td>-0.101790</td>\n",
       "      <td>0.100438</td>\n",
       "      <td>0.360663</td>\n",
       "      <td>0.299262</td>\n",
       "      <td>1.000000</td>\n",
       "      <td>0.190762</td>\n",
       "      <td>-0.335269</td>\n",
       "      <td>0.025159</td>\n",
       "    </tr>\n",
       "    <tr>\n",
       "      <td>weight</td>\n",
       "      <td>0.696091</td>\n",
       "      <td>0.216158</td>\n",
       "      <td>0.214625</td>\n",
       "      <td>0.308576</td>\n",
       "      <td>0.247226</td>\n",
       "      <td>0.135136</td>\n",
       "      <td>0.450648</td>\n",
       "      <td>0.416303</td>\n",
       "      <td>0.320324</td>\n",
       "      <td>0.190762</td>\n",
       "      <td>1.000000</td>\n",
       "      <td>-0.199583</td>\n",
       "      <td>-0.298124</td>\n",
       "    </tr>\n",
       "    <tr>\n",
       "      <td>cups</td>\n",
       "      <td>0.087200</td>\n",
       "      <td>-0.244469</td>\n",
       "      <td>-0.175892</td>\n",
       "      <td>0.119665</td>\n",
       "      <td>-0.513061</td>\n",
       "      <td>0.363932</td>\n",
       "      <td>-0.032358</td>\n",
       "      <td>-0.495195</td>\n",
       "      <td>0.128405</td>\n",
       "      <td>-0.335269</td>\n",
       "      <td>-0.199583</td>\n",
       "      <td>1.000000</td>\n",
       "      <td>-0.203160</td>\n",
       "    </tr>\n",
       "    <tr>\n",
       "      <td>rating</td>\n",
       "      <td>-0.689376</td>\n",
       "      <td>0.470618</td>\n",
       "      <td>-0.409284</td>\n",
       "      <td>-0.401295</td>\n",
       "      <td>0.584160</td>\n",
       "      <td>0.052055</td>\n",
       "      <td>-0.759675</td>\n",
       "      <td>0.380165</td>\n",
       "      <td>-0.240544</td>\n",
       "      <td>0.025159</td>\n",
       "      <td>-0.298124</td>\n",
       "      <td>-0.203160</td>\n",
       "      <td>1.000000</td>\n",
       "    </tr>\n",
       "  </tbody>\n",
       "</table>\n",
       "</div>"
      ],
      "text/plain": [
       "          calories   protein       fat    sodium     fiber     carbo  \\\n",
       "calories  1.000000  0.019066  0.498610  0.300649 -0.293413  0.250681   \n",
       "protein   0.019066  1.000000  0.208431 -0.054674  0.500330 -0.130864   \n",
       "fat       0.498610  0.208431  1.000000 -0.005407  0.016719 -0.318043   \n",
       "sodium    0.300649 -0.054674 -0.005407  1.000000 -0.070675  0.355983   \n",
       "fiber    -0.293413  0.500330  0.016719 -0.070675  1.000000 -0.356083   \n",
       "carbo     0.250681 -0.130864 -0.318043  0.355983 -0.356083  1.000000   \n",
       "sugars    0.562340 -0.329142  0.270819  0.101451 -0.141205 -0.331665   \n",
       "potass   -0.066609  0.549407  0.193279 -0.032603  0.903374 -0.349685   \n",
       "vitamins  0.265356  0.007335 -0.031156  0.361477 -0.032243  0.258148   \n",
       "shelf     0.097234  0.133865  0.263691 -0.069719  0.297539 -0.101790   \n",
       "weight    0.696091  0.216158  0.214625  0.308576  0.247226  0.135136   \n",
